Game version: 0.563 Beta
Total translation entries: 573

Language progress:
gr 14.0%
ru 18.7%
fr 40.5%
hu 23.9%

If a translation is identical to the orignal text, you may put a _ before the translation so that the progress script detects it as different. Leading _ are removed when translations are loaded.

Missing IDs:

gr
19967210826470
16294185981398
11505369795084
10515630949378
43552728118031
12242923444593
46083799633716
71951682957395
12639868461113
50213503063080
15510981129613
13502950630653
19109563882664
16372198430230
11467279617581
15498440508450
10080722944246
18873598212433
15582618410991
17275059688693
13741358519166
11103446544344
19331074553774
83440578602427
16587030847545
14373083988184
12641789008694
81929942356043
19369640789869
15463931654475
10062117579269
14685569269160
18561605111721
59658696292688
18510295620397
16987046679863
53021804895845
69956969985790
85913831661289
11144256835662
61412773713567
52344899983501
89945092889418
89011349770597
71559031724238
40520283279584
71204580217527
71195301111400
98178474649432
68187490877029
50722296752142
43723329256095
37810243909140
44009845985661
68666991962246
79492115258673
64519909700148
49810487048038
18236360532765
58799802152286
21618236951146
49363678936533
49251062339706
15326252036920
16583885726240
10510746154639
10317244906317
14587485007736
19649119273248
12746117288689
14355963067874
17526582195506
15726318553190
19277843280528
15296208528991
16412715945615
14525870461271
76454016047920
10260210687588
13309706297402
17005228759908
18349621873762
15504762262759
90190739202646
97461374731210
17077079648771
19551383617326
12516102012088
14712417427860
15549447390000
40754755480566
91861509153454
44690074039467
10160261151833
16027225087666
14940806461794
17297225655678
18848103966031
11794110848012
69987793052607
19986989895202
11246430085016
12817338693402
78804623186243
49526452710191
58050047963238
30926395960020
19245209470436
12227209887733
85171087236638
15662660252584
23726790986805
62469306234943
46948857059388
18761197388580
65188797398656
13757925963562
10750976989948
19265994465686
35120623183961
14622683750375
14957949958941
17331397914567
19136817138607
13232094477834
13549246864135
15857218442751
18132100348781
14533861483435
10430040077737
10274387271390
16301538038805
83694551809785
40943344093513
10866019808027
10400106910274
15885763626223
91515053618360
11467644007149
10533010562232
87591753278764
29169064199243
13327741293223
32508339206292
16173829560311
85589489148198
18288998816979
15448906128695
82533529573294
58391129129347
45936227746026
12946639957230
16881141174140
37136208388559
32191988336459
59136962133320
30920780473397
83321010943153
58769021955965
78673715398197
49679174636208
40356575891647
44393538021725
87426564872318
61228036919534
24593959732668
19487493622742
26705128002562
94163943335575
64662599400870
27566801288091
14193654974055
14522992467987
74096060570427
30630492494839
11457737665157
59485174474959
85514901357243
98013649264532
35790581910835
94979277765051
13303326918621
16463062897451
77495536880911
61466151084505
20858506932774
28827008935802
92696642439976
62326481348276
74512388889988
50884376329157
70651296323768
31140969090253
42873691377272
36114120875026
45773199639367
17198602105978
43018398941741
68155633878444
15420972347773
40549516333234
33343343932901
95989050249094
69830943995038
63331549672739
87626070552799
13219675195117
62167495140389
28985439820134
94896856420525
25805639594354
57870391153000
56272944092958
96825664933181
86717899742637
53092952738479
70993791338383
77453667419150
17750429607702
79570913613529
59939822079116
96898830278153
50992859018018
49328023903824
74292408260828
45480765206717
71126291573555
33132016601448
75225719777307
64615090872051
84208736840052
91954159574064
36221227239949
53266310714298
19231618567710
14293122338496
15446846177093
19693461238792
38976231780455
20916717363300
13450117997204
77044880242883
13870568875751
10303603301757
17495651785164
11362258372706
67345621265845
14196498898485
12982025748137
10294533225655
14958585065722
11910674853271
17462419719036
11183892008673
17098439090371
59836059268386
58678516111149
19686277478479
13709034294291
17693995237077
19068760748550
65009239162932
19203973423116
17409169138995
70689623552857
16434409050195
14894954428144
13301617098810
11647445869837
11201813578269
17156565273196
14458828731919
13013863429580
17701404772563
17940006660359
17263901743088
68874699768861
17883663978196
19407121413983
10555159894041
31709565019284
36195388998735
19085882338208
10042327259531
14042842216181
10604720087324
18442122157391
12880883686501
18780831606716
37338672894296
10598344098990
18137790657923
18518173140953
53123649343022
10661964231175
10211777161405
15888345020710
14823499195861
14108238519744
14411286553593
73255344581755
19282543476901
16196915566111
32676754026463
30856781458049
14259545926196
16217965518477
10891070331034
12933801309767
76911045833478
22002156022920
76731326010721
16224450605442
38481453712356
77731476872422
17366913897135
17497477227061
12574817679356
17231048881956
70755151984986
11067230116844
62744038163781
19118970740682
15431436023571
28284583096369
57604042654667
19351773688761
65431688078892
81055582534899
15403032472607
19966247197959
86870364449392
27259865408750
95030012922256
12873109232054
47188699762650
28026304798371
85260864781281
96569633331621
83829200305236
18732877690173
80788685813993
14295883660596
14950983012226
14837033157870
13045361823397
11331851878040
11023157447564
15260627694444
12669851602178
21601709632806
16954408093587
16336401898647
13880985462901
18010308863615
13520037133129
11316928751185
56840961921536
13739681561355
19185457941725
18940654086036
14706805272652
32835651830157
15955150920362
11447837612693
11540713506719
19281970848639
17770257567603
19446152707984
80639633676917
12078933051174
11074247151096
18134632592542
98772447663910
15234594767991
68054407020318
53448014080434
38773676077206
16057674753878
49305362057225
18296416014178
17093993196554
10517158300617
98930461722118
55499239951858
13023474026617
14259900563789
17070232883226
51779464354363
39440928972984
12951779797594
16407231803964
16742265812068
17616699231679
16632557438774
18234235689107
12429396872036
19014698800906
13680487623452
12706881725738
17063157033479
12749704931323
11472059692644
12211557416281
0
17054292175058
10731996208080
14434122873489
18405942066048
10451578314373
15231724707514
75558678297830
12508086025944
16321577947087
19257730429557
17675121574388
78287906849040
69090690657232
10368115829346
15226896485081
38557550573896
18542005958715
17133561664335
14973719570693
12920514303805
14309211963063
16826220977157
30132649789584
18994998239232
12034111753799
79554853897000
11252365204151
62766453128684
11632471752785
15865646260225
17594613477534
17712385236630
18165461234561
15754153332116
15213907597666
19448398663695
10290382368587
41064305626707
19636386696963
85147529532131
16076448195257
37319690622142
19111664765554
11176073682097
71866932309393
64348543296709
14060810229477
79667526283284
13396354780304
28668442247273
10788301006338
31564629398121
14073567083496
19338533633006
15197362332657
18004215603701
98173834092208
10141611261952
14093358515620
19182751521677
11589029892097
12758156517177
16047615798435
56916384895438
17106892574116
20104629254326
15754373587500
56024330661504
11377431500625
14051336765362
38681417496680
13268807052125
30006055126224
19066122929275
60997201855346
10922418807673
62258842382434
84307766381146
20950946171790
18769284297247
13109388951000
16564356062672
96269858195218
77044600156969
75386511637758
74261206899285
19766257822639
10881918807029

ru
19967210826470
16294185981398
11505369795084
10515630949378
43552728118031
12242923444593
17967666262990
13520918982355
16755383054285
19006843777401
46083799633716
71951682957395
12639868461113
50213503063080
15510981129613
13502950630653
19109563882664
16372198430230
11467279617581
15498440508450
10080722944246
18873598212433
15582618410991
13225915898937
17275059688693
13741358519166
11103446544344
19331074553774
83440578602427
12641789008694
81929942356043
19369640789869
10062117579269
14685569269160
18561605111721
59658696292688
53021804895845
69956969985790
85913831661289
11144256835662
61412773713567
52344899983501
89945092889418
89011349770597
71559031724238
40520283279584
71204580217527
71195301111400
98178474649432
68187490877029
50722296752142
43723329256095
37810243909140
44009845985661
68666991962246
79492115258673
64519909700148
49810487048038
18236360532765
58799802152286
21618236951146
49363678936533
49251062339706
15326252036920
16583885726240
10510746154639
10317244906317
14587485007736
19649119273248
12746117288689
76454016047920
10260210687588
13309706297402
17005228759908
18349621873762
15504762262759
90190739202646
97461374731210
17077079648771
19551383617326
12516102012088
14712417427860
40754755480566
91861509153454
44690074039467
10160261151833
16027225087666
14940806461794
17297225655678
18848103966031
11794110848012
69987793052607
19986989895202
11246430085016
12817338693402
78804623186243
49526452710191
58050047963238
30926395960020
19245209470436
12227209887733
85171087236638
15662660252584
23726790986805
62469306234943
46948857059388
18761197388580
65188797398656
13757925963562
10750976989948
19265994465686
35120623183961
15855497886737
14622683750375
14957949958941
17331397914567
19136817138607
13232094477834
13549246864135
15857218442751
14533861483435
10430040077737
10274387271390
16301538038805
83694551809785
40943344093513
10400106910274
15885763626223
91515053618360
11467644007149
10533010562232
87591753278764
29169064199243
13327741293223
32508339206292
85589489148198
15448906128695
82533529573294
58391129129347
45936227746026
12946639957230
16881141174140
37136208388559
32191988336459
59136962133320
30920780473397
83321010943153
58769021955965
78673715398197
49679174636208
40356575891647
44393538021725
87426564872318
61228036919534
24593959732668
19487493622742
26705128002562
94163943335575
64662599400870
27566801288091
14193654974055
14522992467987
74096060570427
30630492494839
11457737665157
59485174474959
85514901357243
98013649264532
35790581910835
94979277765051
13303326918621
16463062897451
77495536880911
61466151084505
20858506932774
28827008935802
92696642439976
62326481348276
74512388889988
50884376329157
70651296323768
31140969090253
42873691377272
36114120875026
45773199639367
17198602105978
43018398941741
68155633878444
15420972347773
40549516333234
33343343932901
95989050249094
69830943995038
63331549672739
87626070552799
13219675195117
62167495140389
28985439820134
94896856420525
25805639594354
57870391153000
56272944092958
96825664933181
86717899742637
53092952738479
70993791338383
77453667419150
17750429607702
79570913613529
59939822079116
96898830278153
50992859018018
49328023903824
74292408260828
45480765206717
71126291573555
33132016601448
75225719777307
64615090872051
84208736840052
91954159574064
36221227239949
53266310714298
19231618567710
15446846177093
16072814175447
19693461238792
38976231780455
20916717363300
13450117997204
77044880242883
13870568875751
10303603301757
17495651785164
67345621265845
14196498898485
10294533225655
14958585065722
11910674853271
17462419719036
11183892008673
17098439090371
59836059268386
58678516111149
16693098943939
19686277478479
13709034294291
17693995237077
19068760748550
65009239162932
19203973423116
17409169138995
70689623552857
16434409050195
14894954428144
13301617098810
11647445869837
11201813578269
17156565273196
13013863429580
17701404772563
17940006660359
17263901743088
68874699768861
17883663978196
19407121413983
10555159894041
31709565019284
36195388998735
37338672894296
10598344098990
18137790657923
53123649343022
10661964231175
10211777161405
15888345020710
14108238519744
14411286553593
14041158687959
73255344581755
18435544383511
18198768092383
18945946395447
16785126425267
15440615199508
12671132029272
15105859227432
12068329066372
11382827588408
12976424717611
12532951884542
15272914096446
14944872827527
13224963076378
17142958857584
12901484249817
14218335256117
19282543476901
13765566466116
15908016538045
16196915566111
32676754026463
30856781458049
14259545926196
12306130287676
16217965518477
10891070331034
18084166025569
13082830776248
17473197268827
10311371309532
16925432534232
13644027370563
12933801309767
12291627335021
76911045833478
22002156022920
76731326010721
16224450605442
38481453712356
77731476872422
70755151984986
11067230116844
62744038163781
19118970740682
15431436023571
28284583096369
57604042654667
19351773688761
17375862136921
65431688078892
81055582534899
15403032472607
19966247197959
86870364449392
27259865408750
95030012922256
12873109232054
47188699762650
28026304798371
85260864781281
96569633331621
83829200305236
16888130664370
18732877690173
80788685813993
15260627694444
12669851602178
21601709632806
16954408093587
56840961921536
13739681561355
19185457941725
18940654086036
14706805272652
12881972193444
32835651830157
14975070588197
11447837612693
11540713506719
19281970848639
17770257567603
19446152707984
80639633676917
12078933051174
11074247151096
18134632592542
98772447663910
15234594767991
68054407020318
53448014080434
38773676077206
49305362057225
18296416014178
17093993196554
10517158300617
98930461722118
55499239951858
13023474026617
14259900563789
17070232883226
51779464354363
39440928972984
12951779797594
16407231803964
16742265812068
17616699231679
16632557438774
18234235689107
12429396872036
19014698800906
13680487623452
12706881725738
12211557416281
0
17054292175058
10731996208080
14434122873489
18405942066048
10451578314373
75558678297830
78287906849040
69090690657232
10368115829346
15226896485081
38557550573896
18542005958715
17133561664335
14973719570693
12920514303805
14309211963063
30132649789584
18994998239232
12034111753799
79554853897000
11252365204151
62766453128684
11632471752785
17594613477534
18165461234561
15754153332116
15213907597666
19448398663695
10290382368587
41064305626707
19636386696963
85147529532131
37319690622142
11176073682097
71866932309393
64348543296709
14060810229477
79667526283284
13396354780304
28668442247273
10788301006338
31564629398121
14073567083496
19338533633006
15197362332657
18004215603701
98173834092208
10141611261952
11589029892097
12758156517177
16047615798435
56916384895438
17106892574116
20104629254326
15754373587500
56024330661504
18860645759682
14051336765362
38681417496680
13268807052125
30006055126224
19066122929275
60997201855346
10922418807673
84307766381146
20950946171790
18769284297247
96269858195218
77044600156969
75386511637758
74261206899285

fr
46083799633716
71951682957395
12639868461113
50213503063080
15510981129613
13502950630653
19109563882664
16372198430230
11467279617581
15498440508450
10080722944246
18873598212433
15582618410991
13225915898937
17275059688693
13741358519166
11103446544344
19331074553774
83440578602427
16587030847545
14373083988184
12641789008694
81929942356043
19416009887091
19369640789869
15463931654475
10062117579269
14685569269160
18561605111721
59658696292688
18510295620397
16987046679863
16037516781370
17588119878416
53021804895845
69956969985790
85913831661289
11144256835662
61412773713567
52344899983501
89945092889418
89011349770597
71559031724238
40520283279584
71204580217527
71195301111400
98178474649432
68187490877029
50722296752142
43723329256095
37810243909140
44009845985661
68666991962246
79492115258673
64519909700148
49810487048038
18236360532765
58799802152286
21618236951146
49363678936533
49251062339706
15326252036920
16583885726240
10510746154639
10317244906317
14587485007736
19649119273248
12746117288689
14622683750375
17331397914567
13232094477834
13549246864135
15857218442751
14533861483435
10430040077737
10274387271390
16301538038805
87591753278764
26705128002562
36114120875026
15420972347773
63331549672739
70993791338383
53266310714298
19231618567710
14293122338496
15446846177093
16072814175447
19693461238792
38976231780455
20916717363300
13450117997204
77044880242883
13870568875751
10303603301757
17495651785164
11362258372706
67345621265845
14196498898485
12982025748137
10294533225655
14958585065722
11910674853271
17462419719036
11183892008673
17098439090371
59836059268386
58678516111149
16693098943939
19686277478479
13709034294291
17693995237077
19068760748550
65009239162932
19203973423116
17409169138995
70689623552857
16434409050195
14894954428144
13301617098810
11647445869837
11201813578269
17156565273196
14458828731919
13013863429580
17701404772563
17940006660359
17263901743088
68874699768861
17883663978196
19407121413983
10555159894041
31709565019284
36195388998735
37338672894296
10598344098990
18137790657923
18518173140953
53123649343022
10661964231175
10211777161405
15888345020710
14823499195861
14108238519744
14411286553593
14041158687959
73255344581755
19282543476901
16196915566111
32676754026463
30856781458049
14259545926196
16217965518477
10891070331034
12933801309767
76911045833478
22002156022920
76731326010721
16224450605442
38481453712356
19935950225431
77731476872422
17366913897135
17497477227061
12574817679356
17231048881956
70755151984986
11067230116844
62744038163781
19118970740682
15431436023571
28284583096369
57604042654667
19351773688761
17375862136921
65431688078892
81055582534899
15403032472607
19966247197959
86870364449392
27259865408750
95030012922256
12873109232054
47188699762650
28026304798371
85260864781281
96569633331621
83829200305236
16888130664370
18732877690173
80788685813993
14295883660596
14950983012226
14837033157870
13045361823397
11331851878040
11023157447564
15260627694444
12669851602178
21601709632806
16954408093587
16336401898647
13880985462901
18010308863615
13520037133129
11316928751185
56840961921536
13739681561355
19185457941725
18940654086036
14706805272652
12881972193444
32835651830157
14975070588197
15955150920362
11447837612693
11540713506719
19281970848639
17770257567603
19446152707984
80639633676917
12078933051174
11074247151096
18134632592542
98772447663910
15234594767991
68054407020318
53448014080434
38773676077206
16057674753878
49305362057225
18296416014178
17093993196554
10517158300617
98930461722118
55499239951858
13023474026617
14259900563789
17070232883226
51779464354363
39440928972984
12951779797594
16407231803964
16742265812068
17616699231679
16632557438774
18234235689107
12429396872036
19014698800906
13680487623452
12706881725738
17063157033479
12749704931323
11472059692644
12211557416281
0
17054292175058
10731996208080
14434122873489
18405942066048
10451578314373
15232844525838
15231724707514
75558678297830
78287906849040
69090690657232
10368115829346
15226896485081
38557550573896
18542005958715
17133561664335
14973719570693
12920514303805
14309211963063
16826220977157
30132649789584
18994998239232
12034111753799
79554853897000
11252365204151
62766453128684
11632471752785
15865646260225
17594613477534
17712385236630
18165461234561
15754153332116
15213907597666
19448398663695
10290382368587
41064305626707
19636386696963
85147529532131
16076448195257
37319690622142
19111664765554
11176073682097
71866932309393
64348543296709
14060810229477
79667526283284
13396354780304
28668442247273
10788301006338
31564629398121
14073567083496
19338533633006
15197362332657
18004215603701
98173834092208
10141611261952
14093358515620
19182751521677
11589029892097
12758156517177
16047615798435
56916384895438
17106892574116
20104629254326
15754373587500
56024330661504
18860645759682
11377431500625
14051336765362
38681417496680
13268807052125
30006055126224
19066122929275
60997201855346
10922418807673
84307766381146
20950946171790
18769284297247
13109388951000
16564356062672
96269858195218
77044600156969
75386511637758
74261206899285
19766257822639
10881918807029

hu
19967210826470
16294185981398
11505369795084
10515630949378
43552728118031
12242923444593
17967666262990
13520918982355
16755383054285
19006843777401
46083799633716
71951682957395
12639868461113
50213503063080
13225915898937
17275059688693
13741358519166
11103446544344
19331074553774
83440578602427
12641789008694
81929942356043
19416009887091
19369640789869
15463931654475
10062117579269
14685569269160
18561605111721
59658696292688
53021804895845
69956969985790
85913831661289
11144256835662
61412773713567
52344899983501
89945092889418
89011349770597
71559031724238
40520283279584
71204580217527
71195301111400
98178474649432
68187490877029
50722296752142
43723329256095
37810243909140
44009845985661
68666991962246
79492115258673
64519909700148
49810487048038
18236360532765
58799802152286
21618236951146
49363678936533
49251062339706
15326252036920
16583885726240
10510746154639
10317244906317
14587485007736
19649119273248
12746117288689
16412715945615
14525870461271
76454016047920
90190739202646
97461374731210
17077079648771
19551383617326
12516102012088
14712417427860
15549447390000
40754755480566
91861509153454
44690074039467
10160261151833
16027225087666
14940806461794
17297225655678
18848103966031
11794110848012
69987793052607
19986989895202
11246430085016
12817338693402
78804623186243
49526452710191
58050047963238
30926395960020
19245209470436
12227209887733
85171087236638
15662660252584
23726790986805
62469306234943
46948857059388
18761197388580
65188797398656
13757925963562
10750976989948
19265994465686
35120623183961
15855497886737
14622683750375
14957949958941
17331397914567
19136817138607
13232094477834
13549246864135
15857218442751
18132100348781
14533861483435
10430040077737
10274387271390
16301538038805
83694551809785
40943344093513
15885763626223
91515053618360
11467644007149
10533010562232
87591753278764
29169064199243
13327741293223
32508339206292
85589489148198
82533529573294
58391129129347
45936227746026
12946639957230
16881141174140
37136208388559
32191988336459
59136962133320
30920780473397
83321010943153
58769021955965
78673715398197
49679174636208
40356575891647
44393538021725
87426564872318
61228036919534
24593959732668
19487493622742
26705128002562
94163943335575
64662599400870
27566801288091
14193654974055
14522992467987
74096060570427
30630492494839
11457737665157
59485174474959
85514901357243
98013649264532
35790581910835
94979277765051
13303326918621
16463062897451
77495536880911
61466151084505
20858506932774
28827008935802
92696642439976
62326481348276
74512388889988
50884376329157
70651296323768
31140969090253
42873691377272
36114120875026
45773199639367
17198602105978
43018398941741
68155633878444
15420972347773
40549516333234
33343343932901
95989050249094
69830943995038
63331549672739
87626070552799
13219675195117
62167495140389
28985439820134
94896856420525
25805639594354
57870391153000
56272944092958
96825664933181
86717899742637
53092952738479
70993791338383
77453667419150
17750429607702
79570913613529
59939822079116
96898830278153
50992859018018
49328023903824
74292408260828
45480765206717
71126291573555
33132016601448
75225719777307
64615090872051
84208736840052
91954159574064
36221227239949
53266310714298
15446846177093
16072814175447
19693461238792
38976231780455
20916717363300
13450117997204
77044880242883
13870568875751
10303603301757
17495651785164
67345621265845
11910674853271
17462419719036
11183892008673
17098439090371
59836059268386
58678516111149
16693098943939
19686277478479
13709034294291
17693995237077
19068760748550
65009239162932
19203973423116
17409169138995
70689623552857
16434409050195
14894954428144
13301617098810
11647445869837
11201813578269
17156565273196
14458828731919
13013863429580
68874699768861
19407121413983
31709565019284
36195388998735
37338672894296
10598344098990
18137790657923
18518173140953
53123649343022
10661964231175
10211777161405
15888345020710
14823499195861
14108238519744
14411286553593
14041158687959
73255344581755
16133643476631
18435544383511
18198768092383
18945946395447
16785126425267
15440615199508
12671132029272
15105859227432
12068329066372
11382827588408
12976424717611
12532951884542
19282543476901
16196915566111
32676754026463
30856781458049
14259545926196
16217965518477
10891070331034
13555908976270
12933801309767
76911045833478
22002156022920
76731326010721
16224450605442
38481453712356
77731476872422
70755151984986
11067230116844
62744038163781
15431436023571
28284583096369
57604042654667
19351773688761
17375862136921
65431688078892
81055582534899
15403032472607
19966247197959
86870364449392
27259865408750
95030012922256
12873109232054
47188699762650
28026304798371
85260864781281
96569633331621
83829200305236
80788685813993
11331851878040
11023157447564
15260627694444
12669851602178
21601709632806
16954408093587
56840961921536
13739681561355
19185457941725
18940654086036
14706805272652
12881972193444
32835651830157
14975070588197
15955150920362
11447837612693
11540713506719
19281970848639
17770257567603
19446152707984
80639633676917
12078933051174
11074247151096
18134632592542
98772447663910
15234594767991
68054407020318
53448014080434
38773676077206
49305362057225
10517158300617
98930461722118
55499239951858
13023474026617
14259900563789
17070232883226
51779464354363
39440928972984
12951779797594
16407231803964
16742265812068
17616699231679
16632557438774
18234235689107
12429396872036
19014698800906
13680487623452
12706881725738
12211557416281
0
17054292175058
10731996208080
14434122873489
18405942066048
10451578314373
75558678297830
78287906849040
69090690657232
38557550573896
18542005958715
17133561664335
14973719570693
12920514303805
14309211963063
16826220977157
30132649789584
18994998239232
12034111753799
79554853897000
11252365204151
62766453128684
11632471752785
15865646260225
17594613477534
18165461234561
15754153332116
15213907597666
19448398663695
10290382368587
41064305626707
19636386696963
85147529532131
37319690622142
11176073682097
71866932309393
64348543296709
14060810229477
79667526283284
13396354780304
28668442247273
10788301006338
31564629398121
14073567083496
19338533633006
15197362332657
18004215603701
98173834092208
10141611261952
11589029892097
12758156517177
16047615798435
56916384895438
17106892574116
20104629254326
15754373587500
56024330661504
18860645759682
11377431500625
14051336765362
38681417496680
13268807052125
30006055126224
19066122929275
60997201855346
10922418807673
84307766381146
20950946171790
18769284297247
96269858195218
77044600156969
75386511637758
74261206899285
10881918807029
